cc main.c check_input.c parse_input.c push_swap.h utils_functions.c divide_stack.c swappers.c

// TESTING WITH VALGRIND

valgrind --leak-check=full ./a.out
valgrind -s --leak-check=full --show-leak-kinds=all ./test_push_swap 1 2 | cat -e

EXECUTE WITH CHECKER_LINUX
cd test
ARG="4 67 3 87 23 -2"; ./test_push_swap $ARG | .././checker_linux $ARG

./push_swap 2 1 -1 0 | ./checker_linux 2 1 -1 0


849 1918 2601 -2273 41 745 2704 -543 -2418 -552 2104 -2897 399 70 -1806 2547 2666 -533 74 -1122 876 732 2324 343 2739 -34 2594 1942 527 -1223 -251 2137 2243 2286 1876 -750 -78 -2399 2232 -679 1448 1117 -406 2637 -1645 -2773 -2925 -883 -2295 -338 457 -1085 -1268 304 1802 2869 -501 -1799 -983 1674 -2234 2720 2397 2709 1741 -2532 -2009 1173 -453 63 -973 -1702 -2976 2880 -2033 2361 2587 -311 -1370 -2678 2760 -153 -1043 -2684 1501 20 -2298 -2877 -2351 -723 499 2459 2733 -275 1235 386 -2705 -1455 -1304 8888 -888 99999 -11111111 -2147483648 987 842 562 178 974 154 735 257 4 730 929 763 195 423 119 81 97 515 9 626 229 72 609 372 508 127 673 236 701 208 787 966 104 287 12 892 777 976 874 924 525 547 890 792 411 481 905 713 21 426 307 280 693 579 566 35 891 623 286 427 64 837 618 949 193 906 950 810 256 320 466 45 57 670 629 661 346 225 118 109 98 334 781 390 187 656 261 995 644 828 821 472 568 676 720 295 534 -100 567 946 393 219 578 412

987 842 562 178 974 154 735 257 4 730 929 763 195 423 119 81 97 515 9 626 229 72 609 372 508

-849 918 2601 -2273 -22 52704 -786 777 -42323

./push_swap -849 918 2601 -2273 -22 52704 -786 777 -42323 > error.txt


MAX INT & MIN INT
-2147483648
2147483647

./push_swap 1 2 -1 -2147483648 2147483647

849 1918 2601 -2273 41 745 2704 -543 -2418 72 -552 2104 -2897 399 70 -1806 2547 2666 -533 74 -1122

REDIRECCIONAR A ARCHIVO OUTPUT
./push_swap 849 1918 2601 -2273 41 745 2704 -543 -2418 72 -552 2104 -2897 399 70 -1806 2547 2666 -533 74 -1 > error_case_output.txt

REDIRECCIONAR A ARCHIVO CON
Si también deseas capturar los errores en el archivo de texto,
Puedes usar 2>&1 para redirigir la salida de errores estándar (stderr)
a la misma ubicación que stdout:

./push_swap 849 1918 2601 -2273 41 745 2704 -543 -2418 72 -552 2104 -2897 399 70 -1806 2547 2666 -533 74 -1 > error_case_output_error.txt 2>&1

CASE 106 NUMERBS: 

./push_swap 849 1918 2601 -2273 41 745 2704 -543 -2418 72 -552 2104 -2897 399 70 -1806 2547 2666 -533 74 -1122 876 732 2324 343 2739 -34 2594 1942 527 -1223 -251 2137 2243 2286 1876 -750 -78 -2399 2232 -679 1448 1117 -406 2637 -1645 -2773 -2925 -883 -2295 -338 457 -1085 -1268 304 1802 2869 -501 -1799 -983 1674 -2234 2720 2397 2709 1741 -2532 -2009 1173 -453 63 -973 -1702 -2976 2880 -2033 2361 2587 -311 -1370 -2678 2760 -153 -1043 -2684 1501 20 -2298 -2877 -2351 -723 499 2459 2733 -275 1235 386 -2705 -1455 -1304 8888 -888 99999 -11111111 -2147483648 2147483647


CASE 99 NUMERBS: 

dasalaza@car2s4:~/cursus_42/git_daruuu/push_swap$ ARG="2 1 3"; ./push_swap $ARG | ./checker_linux $ARG
OK
dasalaza@car2s4:~/cursus_42/git_daruuu/push_swap$ ARG="3 2 1"; ./push_swap $ARG | ./checker_linux $ARG
OK
dasalaza@car2s4:~/cursus_42/git_daruuu/push_swap$ ARG="3 1 2"; ./push_swap $ARG | ./checker_linux $ARG
OK
dasalaza@car2s4:~/cursus_42/git_daruuu/push_swap$ ARG="1 3 2"; ./push_swap $ARG | ./checker_linux $ARG
OK
dasalaza@car2s4:~/cursus_42/git_daruuu/push_swap$ ARG="2 3 1"; ./push_swap $ARG | ./checker_linux $ARG
OK

./push_swap -2222222 -1 -65 -3332 4534  -2147483647 2147483647 | ./checker_linux -2222222 -1 -65 -3332 4534  -2147483647 2147483647


./push_swap -4449 5104 -8005 3664 1797 -9075 -13841 -8381 4920 -1511 4432 -8974 6666 -8865 -16423 8280 -13281 -11412 4431 -5311 -6233 -10154 -6595 -3441 -578 -15936 -9878 -15389 -10030 -3366 -19659 6147 -14609 4927 -562 -7446 -13951 -10935 8557 -2706 -16830 1845 -14081 -15804 -11575 -5456 -17189 9567 -16582 2414 1722 -15781 -18737 -9460 -447 -10310 -72 5578 -10631 -10011 -17540 -16858 9362 -8748 682 8730 -6642 -7819 -9705 -18100 -9342 -15905 -6857 -458 -3159 -18028 -9286 -12549 -2931 -14800 7025 -14029 -3875 -11116 6689 2103 6124 4479 1406 9765 -14231 -3048 8231 -4030 182 8678 -738 -2262 3696 -16616 -17639 4081



